750  750
365.059  370.864
538.272  212.828
598.757  104.684
32.463  377.937
544.481  89.694
489.862  573.829
163.445  324.116
692.518  448.193
387.222  191.379
169.892  376.783
557.206  251.644
190.432  142.497
358.060  54.194
594.234  224.840
278.186  221.070
371.861  176.536
576.841  490.441
681.917  358.642
499.390  50.873
249.210  304.504
42.285  478.219
481.860  51.959
596.612  336.006
662.481  347.907
340.581  170.072
323.503  735.396
593.704  627.708
458.456  85.293
277.526  606.408
606.196  348.244
556.398  92.500
740.762  353.180
581.864  557.494
401.552  85.665
238.964  482.305
383.070  672.589
527.797  464.700
233.607  427.367
369.268  338.719
561.230  671.315
174.319  89.285
129.567  468.851
491.984  171.693
298.331  604.679
398.779  689.646
438.400  37.386
65.904  399.008
552.828  312.957
30.455  414.726
245.091  465.276